0 0 0 0 0 0
0.165515 -0.092059 -1.02085 0.10993 -0.567139 1.5
0.183289 -0.176936 -1.71268 0.0614387 -0.480437 1.2
0.166934 -0.245788 -1.90167 0.236244 -0.629964 0.25
0.128503 -1.88406 -1.2834 0.925064 0.343485 1.5
0.271867 -2 -0.938701 0.779558 0.820703 0.35
0.568148 -2 -0.502947 0.738761 0.806952 0.45
1.51656 -2 -0.0370829 0.551879 0.258813 1.5
2 -1.91321 0.303261 0.544472 0.28362 1
2 -1.10429 1.1966 0.7598 0.551441 1.35
1.864 0.0522924 2.00728 0.73417 0.500424 1.35
1.80073 0.297859 1.63167 0.472375 -0.695586 0.45
1.79301 0.454833 1.60801 0.130973 -0.0197164 1
1.79216 0.500181 1.56381 0.756006 -0.736635 0.05
